미작성 문항 목록 (총 320개 / 대상 1230개 중 910개 완료)
기준일: 2026-03-15
=======================================================

연도별 요약:
  2014: 32개
  2015: 38개
  2016: 31개
  2017: 47개
  2018: 30개
  2019: 64개
  2020: 24개
  2021: 24개
  2028: 30개

=======================================================

[2014.6모A] 12개: 02, 03, 04, 08, 10, 14, 18, 20, 21, 24, 29, 30
[2014.9모A] 12개: 02, 04, 14, 16, 18, 20, 21, 22, 24, 26, 29, 30
[2014수능A] 8개: 02, 03, 04, 17, 20, 21, 29, 30
[2015.6모A] 11개: 02, 05, 12, 18, 19, 20, 21, 22, 25, 29, 30
[2015.9모A] 13개: 02, 03, 04, 12, 14, 18, 19, 20, 21, 23, 28, 29, 30
[2015수능A] 14개: 02, 03, 04, 11, 13, 14, 19, 20, 21, 24, 27, 28, 29, 30
[2016.6모A] 11개: 01, 03, 06, 10, 12, 13, 14, 18, 20, 25, 26
[2016.9모A] 10개: 02, 03, 04, 09, 13, 14, 18, 20, 24, 27
[2016수능A] 10개: 01, 04, 10, 13, 14, 15, 18, 20, 23, 24
[2017.6모나] 5개: 03, 05, 08, 17, 18
[2017.9모나] 16개: 03, 05, 08, 11, 14, 15, 16, 17, 18, 19, 22, 23, 24, 25, 26, 27
[2017수능나] 26개: 01, 02, 03, 04, 05, 06, 07, 08, 09, 10, 11, 12, 13, 14, 15, 16, 17, 18, 19, 22, 23, 24, 25, 26, 27, 28
[2018.6모나] 3개: 03, 07, 18
[2018.9모나] 2개: 04, 18
[2018수능나] 25개: 01, 02, 03, 04, 05, 06, 07, 08, 09, 10, 11, 12, 13, 14, 15, 16, 17, 18, 19, 22, 23, 24, 25, 26, 27
[2019.6모나] 8개: 02, 11, 18, 20, 26, 27, 28, 29
[2019.9모나] 28개: 01, 02, 03, 04, 05, 06, 07, 08, 09, 10, 11, 12, 13, 14, 15, 16, 17, 18, 19, 20, 22, 23, 24, 25, 26, 27, 28, 29
[2019수능나] 28개: 01, 02, 03, 04, 05, 06, 07, 08, 09, 10, 11, 12, 13, 14, 15, 16, 17, 18, 19, 20, 22, 23, 24, 25, 26, 27, 28, 29
[2020.6모나] 8개: 15, 16, 17, 18, 19, 20, 28, 29
[2020.9모나] 8개: 15, 16, 17, 18, 19, 20, 28, 29
[2020수능나] 8개: 15, 16, 17, 18, 19, 20, 28, 29
[2021.6모나] 8개: 15, 16, 17, 18, 19, 20, 28, 29
[2021.9모나] 8개: 15, 16, 17, 18, 19, 20, 28, 29
[2021수능나] 8개: 15, 16, 17, 18, 19, 20, 28, 29
[2028.예시] 30개: 01, 02, 03, 04, 05, 06, 07, 08, 09, 10, 11, 12, 13, 14, 15, 16, 17, 18, 19, 20, 21, 22, 23, 24, 25, 26, 27, 28, 29, 30
